Eigvals	8
0.17512360519892153	0.1385425052095085	0.09314663773971382	0.08825435565135269	0.08349572748787902	0.07477964219656542	0.06203750832995808	0.0

Proportion explained	8
0.2447980229400362	0.19366282078263317	0.13020582083319357	0.12336710265162469	0.11671521374720244	0.10453135969356606	0.08671965935174392	0.0

Species	0	0

Site	8	8
A2	0.17278162108528128	0.052934637307934004	0.09364253065695048	0.023826099100608036	-0.047379873071259876	0.004288890480486034	0.1858224400734984	-0.0
A3	0.1698561495678939	-0.02960400301309598	0.12468608774475583	-0.15981129179839756	0.07043712022477198	-0.0069488703536420395	-0.10787169325403387	-0.0
A4	0.04866361451169185	-0.151334371899572	0.046882980799702274	0.1834768098128662	-0.11340976551317282	-0.004611515200473268	-0.09212585250394263	-0.0
A5	0.1506418621393353	-0.017138359365801444	-0.21416222177129432	0.049710793017684815	0.12935912241976952	0.0409455899189452	0.0019562803672542404	-0.0
F10	-0.17119823912776222	-0.1613146655979742	-0.024981002576981014	-0.05040338557163878	0.04302000762623886	-0.17398787248572384	0.05964507747576585	-0.0
F11	-0.025907439835197128	0.1438882003382422	-0.12047449819858116	-0.10125814748862408	-0.18707185673117308	-0.025349138918954246	-0.0369456172873974	-0.0
F13	-0.1414237823729724	0.24210671838963954	0.07142298450075635	0.10383083181955736	0.09905259862831468	-0.036287586864341775	-0.039901472924500025	-0.0
F15	-0.20341378596827053	-0.0795381561593726	0.022983138844690602	-0.04937170889205599	0.005992646416511035	0.20195050342370374	0.029420838053355155	-0.0

Biplot	0	0

Site constraints	0	0
