Eigvals	8
0.052734802592747355	0.027300933157249133	0.01926123167971358	0.008467636924591857	0.0037923904875459846	0.003320318372455371	0.0028892251790646	0.0

Proportion explained	8
0.4477910560349556	0.23182249839133087	0.16355436733120696	0.07190189199845512	0.032202614930214805	0.02819407293237004	0.024533498381466467	0.0

Species	0	0

Site	8	8
A2	-0.05620339417332706	0.025672675785765455	-0.00024381584547863172	-0.027894533644060953	0.031020075417402614	-0.03756298163072017	0.007673606921102905	-0.0
A3	-0.023108098313976998	-0.02179439956714768	0.002691861914508093	-0.04713497240814393	0.006831194877252529	0.021808933955607533	-0.03521319743014701	-0.0
A4	-0.00781664679272643	-0.058296215999556186	0.012753015740113133	-0.03922414784186667	-0.032535566019277214	0.0014939675015893242	0.028413168774768294	-0.0
A5	-0.09532233809201328	-0.0923333579225854	0.019324624404313342	0.05456402699165378	0.007666679295025048	0.0012445150610461099	-0.0031642516008044503	-0.0
F10	0.10112868400367195	0.034232926669842	0.08042646804913588	0.018485844273401154	-0.01801182050055357	-0.01773481223878113	-0.015362614312632542	-0.0
F11	-0.10119346529481285	0.09925662938402284	-0.046655045949348314	0.01850337770873269	-0.02432323658581769	0.005372600232448548	-0.002292271404420116	-0.0
F13	0.12848336500541477	-0.032937074514657216	-0.09635983937391579	0.013619988913125618	0.0020409910847388837	-0.006862661793495526	-0.0029282654888255094	-0.0
F15	0.05403189365777001	0.04619881616431651	0.02806273106067217	0.009080416007158367	0.027311682431229306	0.032240438912305346	0.022873824540958536	-0.0

Biplot	0	0

Site constraints	0	0
